Threshold: 145
FRR: 0.8658008658008658
FAR: 0.8460808894648374
EER: 0.8559408776328516