key_size: 338
err_capacity: 89
FRR: 1.2987012987012987
FAR: 2.0489994459625693
EER: 1.673850372331934