Threshold: 85
FRR: 2.380952380952381
FAR: 2.401892643284859
EER: 2.39142251211862