Threshold: 85
FRR: 1.6369047619047619
FAR: 2.4526839178785287
EER: 2.044794339891645