key_size: 9
err_capacity: 63
FRR: 52.16450216450216
FAR: 0.0009390464921918283
EER: 26.082720605497176