key_size: 123
err_capacity: 170
FRR: 0.0
FAR: 2.636842550074654
EER: 1.318421275037327