key_size: 10
err_capacity: 121
FRR: 1.5151515151515151
FAR: 0.8507761219257964
EER: 1.1829638185386557