key_size: 9
err_capacity: 63
FRR: 48.58173076923077
FAR: 0.018118027437300115
EER: 24.299924398334035