key_size: 10
err_capacity: 121
FRR: 8.60576923076923
FAR: 0.4235658925074894
EER: 4.51466756163836