key_size: 9
err_capacity: 63
FRR: 70.56277056277057
FAR: 0.0
EER: 35.28138528138528