key_size: 143
err_capacity: 126
FRR: 0.8658008658008658
FAR: 1.1230996046614268
EER: 0.9944502352311463