key_size: 10
err_capacity: 121
FRR: 8.75
FAR: 0.35838993131499175
EER: 4.554194965657496