Threshold: 130
FRR: 1.3392857142857144
FAR: 1.816456372968349
EER: 1.5778710436270318