Threshold: 125
FRR: 1.6369047619047619
FAR: 1.4177003136583974
EER: 1.5273025377815796