key_size: 40
err_capacity: 95
FRR: 3.2451923076923075
FAR: 1.675767388551609
EER: 2.4604798481219583