key_size: 123
err_capacity: 170
FRR: 1.2019230769230769
FAR: 2.0373716292155137
EER: 1.6196473530692952