Threshold: 165
FRR: 1.6346153846153846
FAR: 1.6757785107292869
EER: 1.6551969476723358