key_size: 123
err_capacity: 170
FRR: 1.1778846153846154
FAR: 3.4335052265893453
EER: 2.3056949209869804