Threshold: 155
FRR: 2.1875
FAR: 1.8668686454132974
EER: 2.0271843227066486