Threshold: 145
FRR: 1.3392857142857144
FAR: 1.1797832905617336
EER: 1.259534502423724