Threshold: 145
FRR: 1.4880952380952381
FAR: 1.2439406900484744
EER: 1.3660179640718564