Threshold: 130
FRR: 0.4329004329004329
FAR: 1.384154529490755
EER: 0.9085274811955939