Threshold: 125
FRR: 1.0822510822510822
FAR: 1.0733301405752598
EER: 1.077790611413171