key_size: 9
err_capacity: 63
FRR: 50.52884615384615
FAR: 0.007896746151309442
EER: 25.26837144999873