key_size: 9
err_capacity: 63
FRR: 23.62980769230769
FAR: 0.20069969619771674
EER: 11.915253694252703