Threshold: 85
FRR: 2.1645021645021645
FAR: 1.6226723385074793
EER: 1.893587251504822