Threshold: 90
FRR: 1.2987012987012987
FAR: 2.165441210994356
EER: 1.7320712548478274