Threshold: 100
FRR: 2.019230769230769
FAR: 2.3017902813299234
EER: 2.1605105252803463