key_size: 58
err_capacity: 91
FRR: 1.2987012987012987
FAR: 2.297846766393404
EER: 1.7982740325473514