key_size: 9
err_capacity: 63
FRR: 15.584415584415584
FAR: 0.257298738860561
EER: 7.9208571616380725