key_size: 268
err_capacity: 103
FRR: 1.4903846153846154
FAR: 2.7735374475380783
EER: 2.131961031461347