key_size: 19
err_capacity: 119
FRR: 4.761904761904762
FAR: 0.16808932210233726
EER: 2.4649970420035494